categoria,prompt_id,correctitud_q4,claridad_razonamiento_q4,completitud_q4,correctitud_q8,claridad_razonamiento_q8,completitud_q8,ganador,justificacion
math,111,0,0,5,0,0,5,empate,"Ambas respuestas dan un resultado incorrecto (el área correcta es 3, no 6), no muestran ningún razonamiento o proceso de cálculo, y presentan repeticiones excesivas que afectan severamente la claridad y completitud. Ninguna respuesta es aceptable."
math,112,0,10,5,0,0,0,A,"Ambas respuestas son incorrectas (la respuesta correcta es $12,000: $8000 + $4000). La Respuesta A al menos intenta un razonamiento aunque contradictorio (calcula $4000 para el segundo año pero concluye $16,000), mientras que B es completamente incoherente con formato de foro y respuestas aleatorias sin justificación."
math,113,20,5,10,0,0,0,A,"La respuesta A al menos proporciona una respuesta numérica (0.200 o 20%, aunque incorrecta ya que la respuesta correcta es 19%), mientras que B no proporciona ninguna solución y solo repite texto incoherente sobre distribución binomial. Ambas respuestas son muy deficientes, pero A es marginalmente mejor por intentar dar una respuesta."
math,114,0,0,0,0,0,0,empate,"Ambas respuestas son completamente fallidas: ninguna responde al prompt original sobre la probabilidad de obtener al menos 3 al lanzar dos dados. En su lugar, ambas generan secuencias repetitivas de preguntas sin sentido matemático, sin proporcionar ningún cálculo ni respuesta. Ambas muestran el mismo patrón de degeneración en la generación de texto."
math,115,0,0,0,0,0,0,empate,"Ambas respuestas son completamente deficientes: presentan formato de foro irrelevante, repiten contenido excesivamente sin explicar el razonamiento, y ninguna da la respuesta correcta (que es 38). La respuesta A dice 25 (incorrecto) y la B dice 10 (también incorrecto)."
